a	348 1166 2243 2734 3471 4139 4333 4517 4681 4924 6539 7996 8600 8602 8709 9629 12042 12351 12485 12560 15237 18076 18968 19361 19917 19998 20549 22438 23929 24211 25113 25195 25218 25897 25910 27605 27819 28475 29409
a met	22 608 2680 2795 2849 2904 3614 4304 5166 5281 5894 5936 6156 6832 6900 6975 8899 9333 9723 10095 10323 11040 12619 12729 13544 13578 15112 15161 15193 15365 15726 16217 16361 16497 17268 17705 18318 18362 18451 19781 21100 22160 22192 22351 22710 22978 23214 23550 23704 23848 24499 25025 25246 26178 26550 28027 28204 28286 28454 28730 29457 29592
a c	121 313 345 579 922 1496 1642 1756 2505 3377 3658 4545 5043 5113 5346 5840 5985 6884 8225 8334 9205 9284 10442 12928 13057 13603 13741 13931 14387 15761 15811 16613 16851 16893 17063 17083 17386 17448 17457 17524 17802 17900 17987 18876 19228 19664 21155 21271 21542 22125 22385 23574 24385 24414 25076 26536 26595 26657 26751 27816 27900 27940 28000 29103 29499
a c cumsan	2120 2575 7399 7606 8584 10341 11190 11753 12320 14127 15578 15956 18293 19518 20783 21518 21580 22307 23611 23637 24333 25662 27151 27325 27586 29394
a rcu	151 453 1045 1468 1535 2294 2422 2879 3334 4083 4548 4626 5249 5619 6187 6443 6474 7091 8057 8098 8462 9067 10132 10428 11724 12487 13925 14469 15506 16012 16970 17401 17954 18488 18939 20395 21141 21339 21450 22388 23470 24590 29038
a nte	436 4445 5107 6638 7176 7968 8917 9208 9460 9662 9822 10502 11611 12660 13471 13606 14564 14651 15208 16026 16071 16896 16939 17550 17852 20563 21226 21554 21925 22114 24388 25977 26428 27903 28804
a t	2594 3119 4442 4959 5747 6011 6046 6263 8382 8467 8566 8718 9677 10049 12365 12715 12780 13810 13879 15017 15286 17858 17882 18501 18996 19336 19437 20119 21375 22393 24086 25143 25776 26111 26689 26889 27148 28403 29481 29507
a liqu am	57 731 3068 3715 4927 5020 6326 7301 8819 9814 9929 10780 11122 11668 13049 16148 18092 18796 19185 19305 19426 19927 20111 20640 21307 21868 22106 22487 22831 24537 25945 27479 28577 29267 29438
a liqu et	3111 3362 6771 6952 7481 12624 13716 13850 19055 19263 21039 21976 23269 23387 23916 24523 25356 26294 26502
a u ctor	245 2178 4830 7955 11166 12028 12422 15002 15343 15587 16166 16931 20674 21264 23261 23555 25522 26018 26114 28259 28353 29250
a u gue	4649 6076 7837 8376 9392 9693 12407 12466 12654 14297 15299 16017 16541 17451 20424 20796 21631 22229 23396 23666 24512 24794 26987 29446 29475 29626
a enean	4952 5546 5597 6247 7107 7364 7392 11938 14787 18494 20438 20960 21115 24424 26667 27013
a ptent	8617 18570
a d	8640 18593
a d ipiscing	40 15130 16379 25264
i psum	6 280 4216 4390 6791 7891 8350 9061 9213 10291 10507 10539 11030 11619 11743 12791 13015 13025 13949 14411 15096 15947 16076 16345 16797 16901 17057 17427 17433 17620 18131 19451 20568 22681 24639 25230 25850 26377 26754 27172 27412 27908 28434
i n	65 175 1243 1285 1570 2074 2223 2477 2572 3176 3532 3586 3817 3871 4361 4451 5945 6127 6149 6226 6513 7246 7316 8991 9083 9226 9355 9513 9547 9782 10581 10889 10905 10997 11273 11394 11750 12651 13097 13153 14066 14682 14967 15453 15637 16089 16554 16639 16642 16914 17245 17285 17943 17971 18010 18138 18422 18538 19599 20581 20879 20882 21004 22027 23014 23128 23303 23502 24100 24251 24294 24376 24452 25700 26524 26580 26592 27243 27732 27763 27786 27850 27921 28524
i n te ger	113 474 1424 1589 2668 3308 3398 4342 4975 8887 11205 13000 13612 14115 15875 17256 21061 21623 21722 22638 23744 26230 26947 27699 28084
i n te rdum	3234 3276 5579 8116 8245 8507 9041 9177 9414 9937 13531 15483 15607 16865 18114 18660 19831 20161 22253 22509 23287 24175 24957 25401 26674 27853 27872 28650 28875
i n ceptos	8683 18636
i d	90 727 848 1133 3273 4051 5399 6291 8764 9995 10227 10536 10698 11084 11774 12303 12329 12597 13420 13650 14189 14904 15350 15500 15716 15953 16023 16461 16990 17735 17813 18535 18959 19891 20747 22891 23467 23505 23653 23860 24145 24330 24348 24726 24800 24863 24904 24914 25658 26374 26861 26886 28314 29089
i aculis	1193 1325 1674 4011 5324 10750 11328 11412 14642 14756 17527 17603 21484 23494 27264 27449 27608
i mperdiet	4141 4423 4857 11095 12248 12746 12830 13156 13334 15443 16156 20070 23356 23430 24393 25797 25900 26636 27418
e st	74 1230 1864 4357 5612 7829 8754 9280 11054 11959 13991 15418 15646 16502 16557 17932 18187 19259 20088 20910 21844 22482 22887 25428 26062 27024 27144 29197
e nim	124 1970 2315 2548 3062 3267 4892 7205 8294 8539 9951 10373 10399 16307 18504 19363 19940 22548 26095 26224 26603 28012 28166 28938 29433
e t	156 699 856 935 1057 1550 1709 1997 2083 4151 4528 5812 5821 8291 8299 8827 8952 9149 9186 9389 9956 10425 11264 11445 11455 11812 11887 12158 12463 12540 12900 12909 12974 13181 13258 14359 14519 15503 16113 16561 16874 17188 18905 19103 19752 19846 20017 20520 20605 21211 21939 23453 23972 24268 27561 27707 27881 28669 28884 29011 29072 29201
e t iam	357 2114 3356 3685 3963 7193 7442 8403 8493 9349 10825 11869 13688 13969 14961 19570 25857
e l it	51 1349 5884 9030 11424 13384 15141 15825 16390 17363 20514 22087 23795 25275 25932 26369 26622 26864 28390
e l e ifend	226 557 1234 1665 3589 5141 5409 6742 7114 8726 9161 11683 13515 15080 16715 17165 17541 19849 21545 21613 21666 21930 22401 22450 24123 25298 26215 27440
e l e mentum	235 838 859 2087 4397 5874 6308 9256 10014 10230 12805 13461 14535 15399 17352 17499 18037 19907 23484 24711 25551 28477
e ge	286
e ge stas	683 804 2756 3662 3670 3743 5065 5429 5537 5850 8152 8409 9699 12938 13040 13173 14428 15239 16789 17273 19278 19339 19755 20190 20506 21713 23685 24078 24504 24824 24866 26188 26446 26998 27187
e ge t	1354 1940 1958 2300 2435 3105 3302 4185 5094 5567 6469 6599 7241 8062 9728 10604 10669 10774 12077 12756 13620 13763 13955 14218 14283 14629 14706 14725 16000 16747 17656 17994 18087 18191 18302 18392 18462 19625 19901 21660 22794 24118 24706 25484 25493 26047 26251 26364 26923 28125 28247
e u	1384 1796 2164 6065 6455 7210 7736 7788 8028 8087 8095 9482 9840 10396 11341 11984 12025 12245 12272 12675 13434 13995 14475 14934 15045 15077 15380 16294 16535 16538 17840 18712 18850 19691 20093 20987 21282 22060 22304 24821 25381 25751 25841 26039 26092 26315 26956 27028 27234 27462 27793 28365 28503 28784 28957
e u ismod	2144 5079 5678 7500 7791 10943 12264 12783 16267 16527 25439 27060 27303 27767
e x	1397 1994 4268 4387 5385 6648 7249 7388 8145 9358 11564 12005 12035 12507 14095 17281 18225 19434 21013 22185 23898 24767 24892 24939 25513 26318 27796
e fficitur	2226 4983 6362 7336 16760 18751 19441 20222 20297 20539 21423 22410 23034 23627 25703 26052 26928
e r os	628 746 2398 3156 3527 3565 3792 4787 8579 9496 9680 10576 13903 15256 15280 17696 18426 18861 18908 20106 21028 21734 22342 22585 23402 23479 24342 25115 25516 26586 26598 27821 28564
e r at	4912 5046 6458 7331 7916 8274 9086 10457 11130 11693 11979 12353 13845 15072 15539 16198 16682 18397 19287 19413 19554 20648 22580 24545 24832 25123 27487 27531 27775 28933 29502 29546
s it	18 604 2676 2791 2845 2900 3610 4300 5162 5277 5890 5932 6152 6828 6896 6971 8895 9329 9719 10091 10319 11036 12615 12725 13540 13574 15108 15157 15189 15361 15722 16213 16357 16493 17264 17701 18314 18358 18447 19777 21096 22156 22188 22347 22706 22974 23210 23546 23700 23844 24495 25021 25242 26174 26546 28023 28200 28282 28450 28726 29453 29588
s e	79
s e d	442 1031 2531 3002 3244 3648 3691 3774 4019 4656 4826 5315 5674 5695 6192 6272 6286 7096 7415 7524 7687 7728 8024 8148 8554 8744 8994 9091 10360 10498 10609 10649 10735 10804 10922 10952 11239 12276 12333 12711 13669 14009 14141 14289 14775 15214 15473 15780 16442 16658 16756 16927 16944 17692 17758 17775 18880 19245 19722 20149 20180 20410 20670 20915 21137 22601 22612 22669 23322 23351 23673 23791 23925 24192 24410 24771 24881 25681 26043 26713 26805 27168 27311 27357 27436 27642 28676 29352
s e m	2129 2501 2589 3143 3866 5158 5669 5941 6304 7732 8181 10770 10964 12038 12044 12298 14136 14173 14930 15318 15469 17381 18804 19038 19319 20476 25089 25150 25384 25489 26892 29092
s e m per	83 331 767 1744 2494 4575 7185 9309 10914 11604 14088 14182 14236 14897 15754 19709 20430 21996 22371 23109 25790 28693
s e nectus	5803 12891
s celerisque	1073 3535 3695 3925 4411 6980 7319 7528 7716 10176 12638 12840 15934 16824 18047 19726 20926 24606 24653 25168 25307 25646 28527 28590 29131 29229
s o dales	513 1119 2036 2553 3803 5713 6094 7355 10589 14730 16446 18123 18776 20080 22363 22924 23120 24690 25197 26197
s o llicitudin	1085 1606 3406 3853 5350 7664 8103 8337 9267 9827 11066 11218 14449 15218 15267 16185 16514 17662 18669 24566 26965 28032 29076
s o ci osqu	8631 18584
s o ci is	11787 12133 13233 19078 23947
s a pien	691 2347 4967 6239 7517 10743 11571 13553 13744 14694 15335 17248 18059 19919 20383 20715 21527 21534 22288 26854 27578 28252 29362
s a gittis	1260 1359 1735 6049 7346 8802 10404 11494 12087 12605 14838 15371 17843 19882 22721 24785 25542 26152 26277 28960
s us pendisse	301 1513 1630 2335 3034 3507 4173 5646 7943 10621 11302 12049 14161 14908 15512 16251 17035 26303 26839 27988 28235
s us cipit	1340 1432 2371 3147 4660 6161 8530 10971 14801 21773 21835 22932 23709 25475 26561 27375 27676
t incidunt	129 198 497 540 925 1619 2305 2805 2862 3830 3982 3996 4104 4799 6383 7025 8171 8191 11350 13882 15166 15198 15663 16297 16854 17047 17086 18468 18929 19485 19637 20048 20750 20900 21462 21559 22428 22591 23194 23725 24757 25887 26342 26461 26876 27124 27134 27390 29187 29572
t e llus	566 1050 1410 3482 4119 4558 4780 5036 5995 6373 6919 7044 7084 7408 9453 10137 11000 12070 12718 13908 14599 14768 15436 21388 22356 22605 22739 22967 23440 23762 24204 24674 24885 24907 28171 28467 28516
t e mp or	105 582 1693 1879 2660 3898 4054 4293 5003 6334 9774 11971 12739 13344 14404 18013 18251 19418 20690 21747 22880 24403 26479 26739 28117 28686 28943
t e mp us	4155 4498 6816 7133 8485 10721 12012 13976 14262 17389 17572 20708 20859 25010 26699 27541 27799
t ristique	1759 2320 5793 6688 7431 8047 9959 10520 11994 12881 15864 17555 18478 21286 21703 23524 24165 25754 26825 27943 29165
t urpis	2256 3499 3603 3707 5757 5843 7599 8967 9398 9988 12767 12931 13778 15688 16275 17027 17779 19871 20938 21455 25062 25338 26539 26692 27031
t aciti	8624 18577
t or tor	5378 5402 6764 8302 8830 8955 10862 11248 13166 13524 15656 18277 20730 22537 24157 26454 29292
t or quent	8650 18603
v e stibulum	140 160 425 1819 2245 2466 3874 4205 4364 4473 4727 4759 5130 5859 6486 6522 6619 10205 10759 10841 11145 12949 13185 13196 13217 14745 14970 16060 16283 16595 17153 17222 18196 18970 19695 20351 20552 22778 22983 23144 24595 25287 27246 28292 28545 28701 28787 28823
v e nenatis	270 947 1315 1786 2685 2991 3257 3782 6497 7371 9011 9785 11007 11658 13396 13485 13673 13835 14200 14344 14950 20000 20281 25734 27551 29001 29336
v e hicula	1151 3570 5474 6943 8318 9104 10653 11523 11896 14362 15623 15901 16235 17124 17326 18168 20523 23585 26908 27045 28003 28220 28624
v e l	1573 2367 3179 3330 3723 3778 4237 4454 4505 5658 5870 6714 7833 7921 8141 8862 10421 10739 12097 13360 13590 14074 14123 14258 14552 14764 15423 15674 16263 17204 17738 18268 18509 18987 19945 20489 20792 21569 21760 21814 23172 24519 25146 25447 25883 26653 26904 26993 27074 27178 27537 29058 29246 29542 29615
v e l it	350 1298 1417 2057 2709 3324 3841 3885 4279 5522 6266 7123 7709 9113 9899 10085 10335 10662 11768 11890 13437 14223 15805 19049 21354 21903 24435 25561 28194 28969 29427
v i tae	99 319 1304 2542 2644 3215 3937 4793 4898 5207 6088 6181 7199 7658 7854 8748 8911 9035 9501 9761 10297 10570 11906 12699 12761 13406 13829 14818 15312 15463 15650 16409 16676 17675 18228 19534 19559 19977 20042 22282 22466 22825 23870 24297 24479 24623 24751 24998 25814 25926 26012 26717 27406 28105 28188 28413 28428
v i v erra	525 1473 4260 6068 12120 12521 14031 15746 16803 17373 17440 19576 22052 22673 23735 24196 24213 29309
v i v amus	1701 2622 6927 8943 10025 12391 13477 14717 17612 18079 19371 23087 24368 26528 27565 27634 28157 29178
v ulputate	673 2385 2815 7843 11397 13081 13653 13768 14021 15910 17133 17792 20133 23044 24455 25030 28210 28317
v olutpat	2022 4848 6002 8132 8735 10364 10545 10853 11135 11555 12666 14243 20267 20653 24148 24550 24729 25459 26383 27097 27492 28608
v arius	5220 6276 8593 13008 13112 13583 14059 14884 19858 20919 22269 22646 23853 24271 24843 25136 28396 28925 29204
m	171 316
m etus	325 983 3122 3579 3634 4464 5123 6550 7456 8031 9424 10216 11295 11924 14390 15568 20184 21166 22858 23204 23876 24072 25912 28975 29484
m a ecenas	253 775 1184 6017 6108 7541 13072 14570 15706 16771 17580 18259 19204 19989 20171 20816 21366 22031 22571 23005 26730 27316 28441 29318
m a ttis	363 446 655 1098 3161 3519 4674 5116 5489 6393 15600 16956 17406 19813 21017 21190 21896 22077 23755 27038 28834
m a lesuada	393 594 702 2097 2928 3820 5824 7624 9189 10033 12368 12912 13424 14589 16877 19165 19615 19954 20096 24775 25990 26514 27884 29148 29299
m a ssa	491 712 907 2638 4198 4485 4945 5340 7100 9998 10684 12429 13960 14047 14738 16964 17626 18100 19527 19738 20232 21090 24132 24579 25592 25764 26005 26321 27237 27272 27343 28276
m a uris	888 1066 1896 3370 4272 4285 5200 5236 5977 7154 8559 8811 8879 8904 9239 10303 11059 11231 11448 11964 13859 14545 14988 15616 15973 15992 16032 16606 16731 17319 17420 18107 18307 19547 19744 20125 20663 23456 24184 25374 25614 25919 25983 26472 26897 27161 27626 27725 27827 27980 28776 29510
m a gn	1563 2236 2736 6170 7066 7936 9323 10240
m a gn is	11815 12161 13261 19106 23975
m a gn a	12238 12314 12553 19222 20291 20837 21131 21495 22715 23326 25728 26486 26723 29043
m a ximus	2630 5028 5604 6414 11046 15797 16577 17233 20153 22617 22687 25573 26433 26979
m i	2480 4531 4646 4809 4993 5000 6751 7758 9129 9364 12378 14522 15719 16415 17005 17912 19612 19878 20455 20892 21492 27548
m o estie	3388
m o rbi	5707 5787 6059 9005 9740 10514 10990 12579 12875 14230 24857 24943 27221 27934 28662
m o l is	1963 2832 5699
m o l estie	5968 6576 7057 7615 8037 8393 8771 12061 16044 19029 19797 21887 24351 25364 25968 28055 28368 29517
m o l lis	8201 8850 11987 13694 14794 16697 18692 20199 20499 21675 25960 29462
m o ntes	11837 12183 13283 19128 23997
m us	11864 12210 13310 19155 24024
d apibus	417 1925 2200 2453 3347 4520 4589 6906 7161 7750 7860 10554 12306 15492 21123 23783 24949 25420 26392
d i ctum	178 739 3098 5333 5507 10328 14211 14396 15965 16570 17143 17191 18323 18519 26760 27110 27227 27428 29619
d i ctum st	9537 9571 17309
d i am	589 1136 2909 2976 3943 4167 4607 4669 5690 8090 8185 8857 9297 11243 12705 14252 14869 15232 15764 15896 16323 16509 18991 22046 23277 23601 24531 26419 26792 27671 29551
d i gnissim	1168 1368 2483 2966 3292 5287 6797 7772 8003 9073 9602 11634 15815 16687 17072 17716 18437 21915 23076 28506
d i s	11822 12168 13268 19113 23982
d ui	651 1009 1013 3420 5466 7264 7653 7683 8767 12413 13683 13806 14177 14834 15784 17871 18388 18744 20263 21656 22316 24431 24721 25017 25532 26247 27789 28573 28672 29014 29116
d ui s	2168 2404 3798 4070 5310 6737 8265 8447 8759 11182 11323 12775 13354 17199 18331 19160 20342
d o lor	12 1024 1127 1582 2519 2715 5243 5271 6507 6867 7015 7213 7782 8422 8998 9170 11532 11729 11762 12258 12345 13389 13560 14656 15102 15261 16244 16351 17936 18889 24665 25236 25844 27278
d o nec	832 964 1729 1869 1934 2045 2826 2873 2960 4868 5088 5501 8081 8285 9303 10126 10195 12479 14337 14443 14607 15457 17876 18762 19272 19458 20308 20702 21512 21970 22263 22460 23816 24029 24324 24745 25433 26069 26780 27258 28378
f a ucibus	291 1597 5528 7005 7219 9229 9367 9746 11458 14613 16092 16917 17726 18410 20374 20584 21406 21694 27924 28064 28267 29275
f a cilisi	2950 11112 14105 18554
f a cilisi s	208 1035 1141 4812 5922 7471 8452 8544 8922 9338 9465 10472 10926 12562 13724 14314 14920 16203 17922 19602 20805 21643 23183 23306 28073 29211
f a mes	5834 9199 12922 16887 27894
f inibus	458 483 939 1252 1811 2440 4036 4690 8385 13983 14192 15037 15247 15788 16948 17633 18402 18736 20990 22731 23332 23340 26031 27084 29050
f usce	667 1543 1659 8229 8703 9670 13644 15183 15323 17916 20064 20776 21574 22379 25281 27118 29097
f e lis	68 3767 4458 4491 5437 5907 6479 6992 7703 8516 8604 9593 10052 10899 12529 13943 15529 16724 17066 17182 18456 18682 21251 21300 21754 22141 22276 23367 25744 25770 26161 26555 26819 26959 27214 27297 27953 28045 28303 28680
f e ugiat	994 7897 10956 12337 13364 18217 21274 21765 23248 24044 25210 27361 27686 28712 29597
f e rmentum	1387 1712 3133 3199 3434 4616 6754 7740 11384 12435 13998 16836 18919 20445 20843 24062 26076 26100 29106
f ringilla	1553 2064 2509 2650 3455 3547 5051 5171 6215 7906 8013 8366 9865 10115 10808 13451 13892 13915 16431 17861 18177 18241 19495 20414 22994 23656 25079 29369
n o	376 751 1850 1875 2330 2380 2461 2981 3094 4006 4407 5496 5686 6229 6678 7021 7073 7129 7462 8575 9810 10869 11407 11420 11567 12418 12820 13021 13706 14303 14880 15561 15632 16319 16711 17241 18141
n o stra	8671 18624
n o n	18792 19181 19380 19973 20277 20347 20896 20945 21296 21350 21501 21594 21949 22446 22544 23116 23475 24058 25102 25415 25671 26210 26424 26618 27020 27595 28914 29379
n u lla	507 614 896 957 1334 1773 2695 2839 2884 2944 3727 3905 4583 4684 5483 6196 6999 8126 8328 10043 10379 10643 10882 11106 11677 13372 13735 13757 14099 14981 15049 15176 15831 16053 16313 16548 16705 17008 17413 18162 18548 19329 21204 21257 21505 22907 23647 23693 24139 24417 24560 24850 25107 25469 26168 26271 26358 26938 27006 27735 29582
n u lla m	219 2702 5371 6557 10563 10691 12798 13315 13444 14040 14853 17750 20035 21183 21828 22421 23578 24092 24230 24646 29222 29535
n u nc	633 1401 1530 1952 2191 2584 3183 4382 4632 4962 6083 6294 6422 6464 8279 8793 9120 10075 11378 11432 11777 12082 14382 17536 18376 18699 18825 19394 19506 20494 21789 21990 23029 23562 24246 25005 25508 25779 26000 26492 27055 27781 28100 28139 28229 28360
n e	662 1406 1452 1806 2140 2196 2914
n e que	2152 3678 6708 8470 10530 11344 11503 12824 13813 18352 20010 20143 21782 21984 22040 23102 23296 23447 24379 25069 26025 27369 28760
n e c	3756 3992 4246 4996 5267 6780 7181 7887 9140 9905 10201 10260 10717 10831 11698 12445 12685 14293 15535 15892 16181 16399 17213 19481 21024 21480 22846 23282 23607 25455 25642 26338 26442 26498 26627 27093 27285 28569 28586 28981
n e tus	5815 12903
n i bh	185 1209 1310 3969 5304 7691 9507 11336 13663 14155 15383 16846 17336 18999 19763 19949 23419 23534 25627 25827 27182 28539
n i s	798 851 2031
n i s i	2448 2606 3013 3188 5319 6102 9251 13504 13874 14053 15594 17786 19983 20029 20058 20255 20760 21360 22762
n i s l	3445 3489 3598 3619 3751 6823 10788 12815 13701 14069 14701 17368 18431 19231 20981 22663 24485 26205 28817
n a	2218 3129 4115 5444 6177 6857 7883 9385 10223 11369
n a toque	11794 12140 13240 19085 23954
n a scetur	11845 12191 13291 19136 24005
n a m	12536 17108 18656 24491 24619 24701 28310 29034
justo	370 4837 6401 7309 7635 7990 9733 12472 13146 14436 14623 17482 17710 19475 21054 22631 23539 23904 23931 24874 25621 25807
p r etium	190 4509 6130 11509 12223 14634 22019 22205 22529 28459
p r oin	551 4030 5741 6593 7253 16487 17686 19023 19631 20368 21245 21943 22328 26403 28618
p r aesent	1487 1976 2771 6353 8357 10351 11468 16223 16586 18208 22816 22865 23163 26609 28494 29606
p r imis	9219 16082 16907 20574 27914
p o suere	759 914 5227 8254 9376 9685 10310 11650 15695 15984 16125 18768 18830 20617 21441 21794 24896 25040 26256 28092
p o rt	1002 2158 2780 3761 4133 4375
p o rt titor	2561 5553 6874 8428 12280 12510 12989 13130 13207 14145 14579 14824 18020 19012 19063 19193 19464 19681 20211 22894 24629
p o rt a	6117 6233 6516 6651 7592 7962 8068 9485 10068 12358 12501 15640 17101 19323 20249 21802 22495 22625 22874 23864 23910 26264 26786 29356 29411
p o tenti	10634 11314
p u lvinar	718 1985 3248 4698 9631 12961 16811 19213 20480 22235 25498 26238 27522 28130
p u rus	2051 2107 4023 6341 6612 7868 9640 9755 10908 13140 14891 16403 17518 20458 21598 26086 26683 27068 27718 27844 28602 28798
p ha retra	789 2597 2891 4637 4883 5010 6699 7508 9021 9288 10701 12381 14525 15055 15409 16616 16738 17509 18145 19667 20332 21604 21859 22147 22176 24035 25093 28898 29417
p ha sellus	3914 4535 7582 8161 9051 10249 12452 15147 15770 17489 20239 21396 21877 23883 24811
p e llentesque	380 404 1106 1269 1837 2264 2409 3018 3221 5765 6202 7140 7228 7809 9852 12101 12853 13625 14662 14937 15921 16418 16625 17014 18716 22128 22942 23235 23770 24303 25155 25320 27465
p e r	8659 8679 18612 18632
p e natibus	11802 12148 13248 19093 23962
p la cerat	1289 1904 3733 4874 6887 8309 8974 10463 11702 12690 14079 14685 15427 16780 18526 18808 20020 22244 23835 24237 24284 24681 24918 26127 26410 28179 29327
p la tea	9530 9564 17302
p arturient	11826 12172 13272 19117 23986
u	522 870 873 1215
u rna	1060 2185 2786 4241 9144 9491 11373 11882 12600 17119 19593 19716 20206 21589 22119 23508 23829 23937 25205 26352 26631 26746 26917 28870 29284 29346
u t	1770 2019 2395 2618 3047 3424 3625 4613 4822 5062 5471 5519 5616 5957 6380 6428 7699 8271 8798 9361 9430 9599 10154 10164 10968 11187 11616 13550 14847 15565 15575 16232 16396 16506 16821 17341 17824 18689 18748 19706 20260 20465 20687 20802 21653 21690 22084 23464 23752 23901 24671 24974 25049 25120 25529 26583 26835 26851 27211 28052 28639 28855 29289 29557
u l lamcorper	876 1218 3050 5448 6657 7419 7569 8837 9916 11912 13322 15837 16993 20825 21214 21315 22955 29641
u l tric ies	1854 5389 6719 7550 10058 10674 14417 18066 18866 21172 23805 25685 27616
u l tric es	3473 3953 4251 7560 7799 13031 16116 19647 19768 20608 21818 24103 25633 27749 27862 28743
l e ctus	533 1799 1886 2427 3974 4707 5750 6729 10936 14487 14810 16173 16454 18784 19347 21472 23017 23095 23176 23822 24360 25953
l e o	755 1441 1508 5563 6123 7284 9125 12008 12970 15980 16752 17681 17990 19565 20697 21730 24984 25451 25696 26510 27106 27334 27694
l o rem	0 93 1779 1830 2133 2764 3209 3652 4335 5460 8074 8569 10728 10835 12114 12572 12632 13091 14269 15090 16338 21007 21963 22440 24278 25188 25223 25350 28487 29469
l o bortis	1499 4095 10145 11625 13495 13819 13934 14494 17461 17903 18950 19964 20400 20972 22561 23378 27662 29257
l i gula	824 3891 4044 4738 5363 5572 6407 14307 14462 15009 15030 15731 16328 16982 17892 18154 23227 26797 28327
l i bero	2208 2535 3285 3558 4222 5213 6448 7381 8711 9802 10157 11952 12231 15305 17762 17827 18234 19354 19511 19656 20532 21416 23155 23620 23718 24316 24966 28753 29653
l i tora	8643 18596
l uctus	3087 6784 7169 9586 10597 10892 10980 16106 17817 18729 20598 22746 24803 24977 26706 27741
l a us	1445 2077 2985
l a inia	3380 4061
l a oreet	4190 5150 5948 6630 7982 8438 8932 8983 9891 10168 11256 12399 12492 13412 14013 17344 17946 19004 21146 22850 25128 27203 28345 28556 28642 28841 29633
l a c us	7051 9475 10390 10710 13065 15477 16564 16651 16670 18030 18541 18843 18962 21808 21853 22839 23316 24738 28111 28384 28950
l a c inia	9153 11360 17174 18336 18344 18704 19297 21231 22295 22334 22754 25180 25605
o nare	338
o ci	573
o dio	902 1178 1577 1653 1751 2800 5514 6041 7466 10100 10270 10613 11079 13638 13751 14354 14874 17208 17217 18838 18884 19314 20681 22396 23256 25675 27758 28721 29404
o r nare	1945 2611 3168 5193 5297 5662 9875 11438 11930 12585 14557 17589 17885 18817 20885 21105 25820 25937 27349 28406
o r ci	2354 3081 3450 4940 6347 7998 8208 10482 11489 12019 14711 15854 16101 16464 17096 17769 18272 19676 20593 21682 24112 24254 25410 25869 26183 27573 28849 28985 29241
c o sectetur	28 1456 2006 2722
c o dimentum	812 970 1913
c o gue	3006
c o mmodo	3316 3339 4904 5899 6935 7268 7874 9096 9980 11538 15738 18367 21158 21433 22197 22799 23068 25875 28735 29526
c o n gue	4088 4230 6585 7077 7822 11586 12678 15544 16469 16975 17565 18381 22222 23567 25598 26869
c o n vallis	4565 4597 5419 9652 10105 15020 15289 15678 16476 17999 19249 19384 20322 20949 21378 22914 24442 26570 26809 28144 28766
c o n dimentum	4715 6564 7288 8781 10445 11018 17470 21327 23132 23407 27968 28858
c o n se quat	4770 5730 11156 11277 15551 22003 25052 27651 29062
c o n se ctetur	5255 5633 6431 8213 8867 9440 9707 11477 11711 12977 13100 15118 16367 17959 20866 21078 24927 25252 25388 26767 29560
c o n ubia	8663 18616
c ras	1161 1247 1379 2526 3194 6534 6810 9581 10276 11645 13379 17835 17975 18945 18982 19866 21345 22701 23055 25568 25785 27385 28018
c u sus	644 1017 2360 3427 4350 4917 5988 6318 9316 9795 9909 11875 11945
c u abitur	6961 7490 7762 9970 10488 10794 11594
c u m	11783 12129 13229 19074 23943
c u r sus	13567 14995 17112 17641 19806 21047 21197 21740 23594 26646 27515 29158
c u r a bitur	13120 13786 14509 15389 19787 19821 22095 22166 22519 22768 23514 26137 26328 27504 28335 28888 28991 29121 29384
c u r a e;	16141 20633
c u bilia	16133 20625
c lass	8611 18564
r honcus	262 7035 7448 8499 9612 10413 11173 14861 15064 16662 18853 20722 22501 23677 24221 27710 28420 28809
r utrum	3641 7277 7646 8523 9133 9433 9767 13866 14779 16005 17596 17980 19042 19540 19894 22320 23220 28918
r i sus	1682 1722 2000 3628 3847 4126 5073 6682 6861 7677 10188 10264 10818 11267 13710 14675 15329 16645 18513 19175 19840 20853 22013 25581 25722 25863 26121 26660 27078 27400 27599 28633 28908
r i diculus	11854 12200 13300 19145 24014
b landit	620 1201 1645 2286 2748 2854 4075 6604 11087 11287 12290 14275 15353 20314 20468 22063 23060 24259 26286 27195 27289
b ibendum	2277 2919 4309 4324 5624 5721 6027 6254 6541 6847 8476 14478 15883 18896 19584 20737 21069
qu is	466 639 784 989 1481 1525 1688 2173 2742 3494 3948 4162 4318 4553 4753 4843 4935 6036 6299 6643 6914 7259 8417 8962 9246 9647 9946 10080 10385 11213 11518 13510 14503 15524 15849 15859 16039 18913 19292 19408 19935 20390 20967 21033 21239 21848 21910 22071 22695 23024 23373 23425 23800 23893 24465 24585 24838 25333 25345 25536 25587 26147 27338 29018
qu is que	5184 5914 6670 7974 9406 9621 9844 9883 10434 11547 12215 18285 19400 22214 25833 29491
qu am	2938 3076 3465 3812 7641 8721 10584 11199 12592 12734 13060 17396 17742 20362 20998 21637 22789 24052 27457 27646 29143
gravida	4434 4745 5099 5588 5960 10874 11578 11735 13595 17648 17805 19236 20765 22553 22807 24471 25713 27960
h endrerit	6138 6837 7926 8235 10004 10281 12543 13796 14324 14371 21953 22472 22653 24988 27806 27834 29023
h imenaeos	8692 18645
h a c	9516 9550 17288
h a bita nt	5778 12866
h a bita sse	9520 9554 17292
